
BkrdROI{1}{1}=[231 512 128 413];
BkrdROI{2}{1}=[330 494 44 207];
BkrdROI{3}{1}=[43 197 103 257];
BkrdROI{4}{1}=[22 275 108 361];
BkrdROI{5}{1}=[72 296 287 511];
BkrdROI{6}{1}=[152 373 292 512];
BkrdROI{7}{1}=[327 512 230 435];
BkrdROI{8}{1}=[317 512 1 175];
BkrdROI{9}{1}=[42 292 1 227];
BkrdROI{10}{1}=[258 512 1 253];
BkrdROI{11}{1}=[394 512 76 268];
BkrdROI{12}{1}=[277 483 6 211];
BkrdROI{13}{1}=[317 512 64 295];
BkrdROI{14}{1}=[334 512 274 510];
BkrdROI{15}{1}=[333 512 200 380];
BkrdROI{16}{1}=[321 512 1 190];
BkrdROI{17}{1}=[303 512 102 311];
BkrdROI{18}{1}=[259 512 7 261];
BkrdROI{19}{1}=[1 237 227 496];
BkrdROI{20}{1}=[254 512 1 283];
BkrdROI{21}{1}=[1 208 159 392];
BkrdROI{22}{1}=[295 512 229 471];
BkrdROI{23}{1}=[1 210 88 315];
BkrdROI{24}{1}=[288 512 41 265];
BkrdROI{25}{1}=[270 512 285 512];
BkrdROI{26}{1}=[182 366 338 512];